1
6
13
48
51
59
65
80
89
115
124
139
154
158
161
172
174
179
201
245
247
250
330
339
343
345
370
389
399
402
404
406
407
461
468
472
476
490
522
536
537
563
566
568
569
579
586
589
599
606
624
659
660
675
679
702
710
723
733
738
740
760
779
784
798
816
865
871
880
882
886
889
924
947
950
953
955
960
981
981
1009
1014
1053
1057
1063
1082
1095
1100
1140
1149
1171
1190
1197
1201
1231
1271
1276
1283
1292
1293
1326
1329
1346
1363
1373
1376
1433
1439
1449
1455
1485
1496
1554
1605
1620
1634
1638
1731
1735
1738
1740
1792
1793
1808
1833
1838
1859
1861
1870
1873
1904
1947
1966
1966
1982
1988
1992
1994
2009
2057
2064
2109
2114
2120
2146
2147
2166
2180
2222
2225
2235
2238
2242
2245
2258
2280
2288
2343
2346
2347
2353
2368
2371
2381
2393
2406
2409
2417
2419
2439
2476
2492
2522
2523
2537
2575
2583
2617
2622
2633
2656
2661
2666
2671
2682
2689
2694
2722
2723
2737
2740
2746
2748
2751
2765
2783
2791
2804
2825
2872
2884
2885
2888
2931
2987
2990
3005
3051
3070
3095
3124
3125
3127
3146
3170
3177
3190
3237
3269
3280
3312
3337
3343
3344
3345
3388
3400
3414
3415
3421
3435
3443
3472
3486
3529
3530
3534
3551
3592
3602
3605
3607
3624
3655
3676
3679
3682
3688
3710
3743
3757
3769
3772
3776
3778
3783
3793
3795
3809
3824
3838
3852
3856
3867
3891
3914
3916
3919
3968
3978
3984
4005
4006
4023
4031
4073
4074
4080
4131
4156
4181
4219
4233
4237
4244
4275
4300
4303
4307
4309
4341
4352
4394
4473
4496
4522
4526
4548
4576
4585
4594
4606
4620
4680
4728
4729
4737
4776
4804
4816
4824
4833
4865
4880
4900
4917
4918
4920
4934
4943
5014
5184
5272
5301
5325
5382
5569
5588
5599
5667
5677
5687
5694
5749
5773
5867
5896
5923
5972
6004
6015
6025
6031
6041
6093
6109
6131
6156
6189
6202
6301
6382
6457
6528
6566
6591
6596
6603
6753
6799
6836
6944
7025
7102
7160
7172
7312
7350
7371
7452
7463
7465
7588
7602
7733
7769
7787
7789
7793
7809
7851
7865
7944
8045
8063
8121
8155
8188
8219
8327
8356
8550
8582
8620
8675
8703
8884
8893
8944
8966
8967
9087
9101
9139
9187
9188
9249
9476
9520
9595
9650
9797
9814
9849
9944
10042
10096
10156
10160
10465
10582
10607
10627
10773
11027
11036
11109
11127
11463
11580
11600
11680
11680
12034
12133
12156
12349
12504
12550
12646
12872
12917
12939
12946
13074
13376
13482
13732
13789
13819
13822
13983
14183
14402
14703
14723
14809
14986
15307
15356
15478
15493
15589
15848
15957
15959
16082
16237
16266
16316
16487
16498
16513
16527
16700
17107
17176
17222
17275
17296
17422
17520
17675
17688
17713
17796
17831
17833
17866
17954
18384
18476
18506
18738
18796
18827
18880
19003
19196
19370
19411
19429
19615
19623
19648
19836
19896
19989
20106
20475
20783
20828
20839
21022
21200
21326
21328
21371
21668
22216
22259
22483
22494
22508
22568
22733
22842
22863
22911
23054
23186
23200
23242
23326
23427
23537
23563
23596
23667
23712
23817
24068
24206
24209
24283
24296
24365
24428
24460
24712
24946
24947
25008
25022
25169
25233
25240
25245
25331
25688
25722
25763
25780
25834
25870
25880
25917
26004
26111
26136
26250
26332
26624
27306
27551
27583
27611
27710
28035
28053
28118
28139
28275
28318
28405
28435
28589
28847
29180
29305
29316
29413
29470
29947
29971
30151
30319
30346
30485
30662
30666
31034
31050
31110
31286
31331
31453
31480
31615
32047
32158
32496
32501
32569
32570
32575
32918
33147
33176
33245
33305
33397
33715
33725
33760
33795
34887
34970
35065
35241
35404
35431
35910
35928
35983
36024
36356
36486
36522
36575
36587
36708
36731
36753
36760
36860
37151
37171
37261
37290
37318
37415
37466
37623
37881
37902
37955
37987
38187
38312
38314
38351
38931
39014
39166
39209
39250
39305
39371
39473
39601
39605
39616
39811
40021
40060
40493
40662
40754
40785
40791
40825
40912
40938
40951
41138
41144
41432
41517
41825
41862
41903
41920
42024
42080
42202
42405
42474
42580
42600
42644
42713
42723
42758
42954
43393
43473
43711
43883
43977
44272
44281
44877
45124
45157
45218
45333
45643
45681
45913
45984
46341
46387
46465
46529
46587
46649
46769
47006
47084
47160
47407
47478
47479
47545
47575
47773
47781
47818
47858
47924
47939
48051
48059
48090
48167
48184
48377
48478
48494
48541
48591
48609
48835
49009
49019
49069
49357
49507
49569
49696
49700
49784
49817
49971
50071
50077
50424
50431
50483
50545
50616
50629
51008
51108
51298
51420
51423
51515
51621
51623
51837
51900
51901
52332
52389
52510
52511
52515
52578
52582
52656
52839
52951
53024
53316
53368
53417
53445
53532
53592
53676
53797
53866
53981
54267
54659
54751
54979
55125
55126
55130
55139
55307
55440
55551
55795
55801
55828
55841
55890
56033
56047
56119
56166
56213
56319
56697
56759
56968
57045
57073
57244
57277
57302
57489
57539
57996
58300
58320
58432
58500
58658
58666
58721
58870
59106
59140
59285
59351
59422
59462
59506
59645
59729
59822
59960
60128
60361
60377
60444
60491
60632
60816
60832
60875
60974
60975
60977
60988
61166
61750
61826
61855
61888
61914
62003
62065
62088
62136
62460
62477
63198
63290
63519
63520
63622
63954
64149
64174
64474
64701
64900
65068
65259
65545
65617
65660
65715
65772
66121
66165
66197
66212
66239
66965
67076
67181
67189
67307
67408
67412
67606
67611
67788
67842
67843
67930
67952
68202
68268
68388
68411
68554
68556
68587
68703
69226
69293
69519
69583
69650
69655
69797
69878
70034
70369
70477
70784
71025
71052
71287
71518
71812
71944
72346
72568
72615
72977
72986
73441
73459
73465
73546
73652
73835
73886
74214
74230
75196
75278
75431
75520
75884
75974
76049
76164
76255
76480
76492
76650
76867
76939
77301
77332
77933
78220
78263
78269
78514
78590
78638
79064
79382
79434
79736
79874
80190
80389
80508
80660
80981
81077
81154
81232
81352
81873
82342
82569
82804
83214
83329
83639
83801
84051
84143
84201
84355
84449
84552
84585
84694
84838
85027
85151
85339
85385
85446
85930
85948
86243
86262
86284
86454
86547
87021
87111
87199
87220
87261
87486
88618
88770
88787
89117
89537
89798
89953
89998
90105
90499
90597
90656
90860
91020
91449
91835
91926
92010
92258
92288
92429
92525
92664
93006
93051
93086
93655
94043
94312
94402
94883
95255
95539
95579
95717
95773
95922
96125
96379
96986
97398
97839
98302
98393
98778
99061
99456
99501
99555
99728
99738
99759
99966
99993
100424
100685
101260
101329
101861
101928
102039
102240
102401
102441
102962
103097
103244
103816
103862
103944
104017
104614
104953
105001
105020
105621
105688
105833
105955
106168
106223
106571
106781
106784
107051
107330
107434
108082
108308
108705
108717
108780
108823
109654
109995
110192
111102
111304
111602
111611
111928
111932
111946
111977
112446
112694
113121
113313
113327
113336
113649
113656
113953
114054
114553
114735
115131
115313
115671
115911
115972
115988
116378
117187
117243
117502
117539
117748
118425
118747
118859
119043
119069
119686
120053
120092
120312
120324
120583
120618
120834
121153
121231
121874
122038
122135
122912
122971
123031
123401
123422
123626
157215
157334
159168
159758
159880
160331
160436
160595
160643
160690
160716
160748
160759
160823
160829
160939
161415
161545
161989
162038
162750
162879
163051
163249
163362
163541
164490
165119
165964
166847
167333
167689
167893
168275
168613
169140
169209
169875
169984
171355
171671
171758
171846
172161
172224
172343
173163
173621
174418
174630
175263
175574
176318
176444
176465
176495
176504
176941
176997
177878
178853
178925
179219
179533
180028
180712
180795
180856
181500
181721
182032
182927
183068
183167
183290
183957
184151
184152
184175
184800
185755
185862
186503
186571
186718
186989
187187
187397
187446
187711
187980
188265
188314
188621
188868
189281
189553
189898
190764
191373
191851
192028
192216
192404
192816
192817
193205
193545
193722
194938
195078
196621
197135
197532
198042
198466
198614
200037
200247
200413
200512
200522
200524
200883
201582
202134
202825
202830
202984
203728
203987
204511
204861
205152
205248
206458
206668
206972
207060
207365
207378
207413
207958
208133
208189
208216
208352
208576
208707
210325
210561
210727
211668
211668
211832
212143
212227
212893
213221
213397
213696
213728
214014
214174
214460
214499
214660
214731
215219
215357
215842
215942
215960
215975
216166
216221
216306
216796
218584
218740
218800
219324
219425
219661
219946
220408
220513
221112
221768
221933
222002
222045
222884
223042
223129
223137
223377
223566
223593
223916
224467
224799
224839
225010
225217
225269
226243
226306
226380
226436
227046
227424
227442
227539
227540
227572
227612
227914
229639
230005
230035
230088
230159
231166
232165
232489
232718
233381
234126
234492
234853
235196
235256
235806
236065
236230
236358
236798
237456
237865
238161
238292
238354
238357
238454
238793
238932
239215
239252
239971
240410
241429
241482
241710
241845
242574
243011
243035
243942
244176
245167
245592
246164
246739
247118
247161
247279
247689
248045
259771
277052
282210
297007
299465
302150
306478
312311
323259
350778
355879
360319
364461
373146
377749
383808
397253
410361
412458
414894
421950
422939
445136
446943
450335
455383
463857
465746
469282
479659
484411
490452
491183
534148
534346
534973
535216
536684
537034
537228
537277
537573
537605
538129
538164
538244
538640
538742
539160
539524
539668
540377
540836
541145
541378
541572
541900
542655
542688
543454
543638
543769
544196
544224
544242
544626
544682
545334
545861
546608
546621
547461
547536
547692
548557
549113
550596
550666
553340
553700
553714
553747
554294
554483
555373
555869
555901
556367
556447
556450
557022
557534
557615
557764
557888
558077
558411
558789
558842
559446
559907
560168
560402
560625
560786
560908
561525
562953
563065
563765
564034
564093
564258
564903
565588
565708
565840
566517
567049
567077
567576
567698
567799
567928
569183
569205
569640
570444
570957
571465
571752
572713
572985
573161
573433
574077
574123
574746
574840
575393
575402
575553
577051
577705
577743
578325
578702
579039
579372
580086
580786
581224
581293
581458
581737
582248
582476
582589
583190
583271
584317
584340
584898
586621
586731
587147
587184
588071
588700
588850
588914
589007
589101
589312
589351
589473
589761
590048
590237
590886
591144
591923
592386
594030
594099
594424
594824
595741
595915
596008
596153
596246
596288
596324
596426
597423
598439
598471
598724
598741
598899
599436
599697
599910
600568
600602
600722
600885
601351
601366
601813
602561
602711
602734
603034
603545
603579
603989
604463
604624
605002
605364
605926
606135
606667
606706
606755
606764
606861
608553
608917
609519
609543
609939
610351
610667
610679
611050
611346
611692
611846
612087
612439
612792
612845
613560
614040
614764
615162
615764
616301
617150
618292
618383
620469
620544
622296
622387
622416
623979
625332
625369
625615
625980
626544
627715
628523
628641
628836
629142
629338
629945
630041
630597
631022
631288
632228
633069
634253
634719
634918
635840
636212
636505
636653
637731
637743
637749
638130
638724
638950
639527
640043
640251
640527
640559
640564
641031
641605
642001
644105
644146
644205
644331
644979
645117
646117
646166
646720
646883
647626
648250
648490
648849
648880
649691
650412
651421
651612
653723
653937
653947
654400
654422
654435
654641
654795
655222
655542
656166
656641
657093
657935
660122
660353
661337
661688
661788
662065
662383
662412
662701
662720
663097
663681
664343
664887
665449
665467
665470
665662
665724
666661
667132
667710
668019
668996
669223
669474
669806
670373
670607
671016
672422
673574
674161
674883
674898
675403
675435
675815
675915
676546
676551
677284
677628
678191
678494
678691
679033
679086
679216
679410
680293
681319
681451
681575
681672
684668
686028
687175
687617
687676
688499
688647
688840
689448
689473
689584
689842
690459
690863
691030
692314
692593
693301
694186
694208
695142
696118
696877
697715
697779
698579
698619
698642
699247
699283
699379
700207
700330
700746
701365
701394
701667
701926
702004
702183
702707
703818
703850
703900
704478
704903
705238
705624
706711
706928
708648
709383
709844
709944
711221
712272
712918
713243
713785
714386
714669
716137
716965
716980
717207
717548
718572
719208
719330
719448
719820
720029
720217
720258
720656
721176
722052
722245
722700
723191
723254
723714
723741
724914
725989
726213
726289
726483
726980
727029
727086
728292
731934
732308
733343
733511
733634
734979
735216
735614
735803
735907
737295
737811
738089
738528
739268
739489
739865
740012
740482
740571
741662
741772
742523
743207
743673
744077
745107
745650
745670
746448
746659
747028
747189
747391
748502
748956
749790
749798
749858
750452
750757
750952
753560
753622
753829
754369
754682
755618
755800
757415
758075
758498
759873
760947
761435
761700
761721
763128
763251
763400
763669
764149
766076
766172
766468
768051
768232
769710
770305
770915
771552
773295
773401
773781
773806
773908
774791
776314
776741
779168
779609
780623
780654
781263
781472
782190
782240
782668
783222
783746
783775
784900
785095
785382
785809
787157
787579
788349
788350
788402
789415
790859
791505
791787
792880
793926
794378
794861
794970
795472
797208
797462
797671
798343
798923
799968
800034
800646
801783
802210
802673
803566
803590
804242
805622
805729
808801
808806
809317
810135
810277
810278
811902
812237
812968
813458
813481
814019
814087
814607
814771
815055
816284
817991
818312
818393
819229
819341
819705
822101
822512
823316
823491
823819
823900
823942
827187
828199
829009
829234
829326
829961
829986
830807
831765
831930
831988
832149
832863
832954
833549
833660
833706
834226
835457
835568
835684
836430
836779
837144
837666
838027
838415
839098
839538
840474
840485
840773
841348
842621
844455
845063
845413
847466
847624
848358
849145
850500
850711
851221
851241
851281
851318
851604
852361
853598
853830
853885
854573
854960
855219
855697
856407
856498
857065
858958
859839
860185
860461
861271
861511
863410
863511
863957
864388
865747
865748
865781
866374
866511
866666
867370
867574
867866
869045
869211
870119
872178
872473
872828
872934
873136
873710
875259
875499
875593
876243
876275
876284
876514
877312
877527
879750
881887
882034
882790
883256
885507
885663
886037
886609
887044
887195
887578
888706
889395
890736
891984
894410
895945
897169
897219
898016
898016
900519
900947
900953
901238
901297
903111
903755
903863
906391
906557
907268
909194
909993
910816
911016
912276
912935
913078
913136
913233
913923
916168
916446
917215
917377
917529
918114
918513
918692
920436
920692
921007
921180
921918
922071
922820
923386
923559
924369
924418
924434
924971
925361
925848
928157
929796
930495
933066
933513
934019
936465
936785
936984
938203
939762
940051
941620
942478
942853
944428
945350
946190
946607
947347
949684
950200
952395
954660
954875
954898
956435
956831
956977
957760
958503
959179
959366
960062
962026
963798
964662
964957
965294
965916
966315
967045
967331
968814
968905
969801
969946
971023
972526
973282
973386
974866
976061
980172
980757
981156
983892
984756
984850
986394
986791
987006
988016
988038
988124
988722
988733
989594
990468
991318
992372
992978
995386
996097
996687
996841
997065
1001638
1001985
1002023
1002298
1003123
1005038
1005417
1005668
1005830
1006416
1006818
1006928
1007135
1007754
1007833
1008541
1008928
1009161
1009875
1010479
1010480
1011126
1011769
1012000
1012020
1012287
1012789
1013235
1013819
1015630
1015796
1016363
1016383
1018131
1018814
1019012
1019812
1020083
1020446
1020568
1020627
1020673
1021382
1021847
1022259
1022366
1022586
1023197
1023679
1023826
1024157
1024368
1025602
1025888
1027445
1027472
1028179
1029942
1030154
1030478
1030733
1030953
1031232
1031239
1032060
1032104
1033940
1034936
1035255
1035258
1035394
1035627
1035720
1035722
1036381
1037425
1037901
1038140
1038303
1038532
1038593
1039931
1040261
1041285
1041664
1041992
1042024
1043956
1044049
1044671
1044908
1045513
1046599
1046677
1046786
1047669
1047862
1047916
1048695
1048742
1048876
1049111
1049174
1049556
1050345
1051623
1052204
1052782
1053183
1053646
1054427
1054705
1054865
1055450
1058461
1058780
1059553
1059604
1059985
1060997
1062003
1062582
1062609
1062788
1063502
1064823
1065140
1065233
1065792
1065820
1066018
1066567
1066737
1067140
1067459
1067525
1068171
1069209
1069982
1070520
1071845
1072794
1073188
1073798
1073909
1074015
1074178
1075155
1075252
1075266
1075289
1077380
1077581
1077885
1078606
1080179
1080879
1081391
1081769
1081773
1082612
1083108
1083758
1085203
1085814
1086006
1086174
1087059
1087156
1087401
1087451
1087689
1087696
1088373
1088639
1089281
1090122
1090822
1091895
1092280
1092665
1092666
1092837
1093089
1093117
1093339
1093827
1094267
1094376
1094630
1096484
1096944
1097062
1097090
1097440
1097461
1097643
1098488
1098613
1098708
1098798
1098828
1099090
1099980
1100111
1100167
1100295
1101230
1101325
1101934
1101946
1102508
1102531
1102703
1103325
1103346
1103383
1104104
1104505
1104536
1104573
1105633
1105785
1105875
1106710
1106766
1106831
1107065
1107236
1107291
1107351
1107775
1109392
1109940
1110969
1111042
1111058
1111672
1111689
1111843
1111946
1112871
1113266
1113777
1113896
1114088
1114432
1114511
1115113
1115272
1115346
1115900
1116295
1116850
1117483
1117913
1118120
1118324
1118913
1119108
1119550
1120259
1120687
1120848
1121474
1121676
1121824
1122338
1124769
1126372
1127923
1128131
1128672
1129384
1129800
1130122
1130556
1131504
1131521
1131729
1131798
1132449
1132706
1132717
1133499
1134687
1135255
1135351
1135483
1136004
1136335
1136961
1137609
1138567
1139211
1139400
1140156
1140455
1141590
1141615
1141647
1141909
1142029
1142987
1143243
1143979
1144224
1144472
1144524
1144566
1144831
1144939
1145395
1145568
1146142
1146175
1146833
1146954
1147455
1147475
1150182
1150295
1151222
1151579
1151992
1152465
1152570
1152604
1154208
1155683
1156409
1156488
1156565
1157020
1158890
1158918
1159095
1159685
1160188
1162478
1163045
1163258
1164659
1164931
1166170
1166510
1166964
1167994
1168132
1169171
1169483
1169698
1169951
1170038
1170263
1170855
1171877
1172246
1173235
1176181
1177194
1178447
1180535
1180985
1181677
1182406
1183273
1183378
1183811
1184687
1185071
1185332
1185856
1185942
1186316
1188150
1188248
1188681
1188960
1189051
1189320
1189354
1190054
1190061
1190179
1192088
1192239
1193979
1194366
1196086
1196109
1196575
1196681
1197306
1198967
1199641
1199641
1200746
1201359
1201800
1204987
1205286
1207232
1208830
1209826
1211341
1212374
1213725
1217352
1217454
1217627
1218155
1221597
1223119
1223869
1225182
1225910
1228858
1231316
1234104
1235466
1235972
1236074
1237073
1237477
1238379
1239730
1241772
1245158
1246570
1247499
1248425
1250053
1252212
1253163
1256814
1256842
1257538
1258640
1261024
1263598
1264157
1265869
1268142
1268639
1272486
1273132
1274699
1275207
1276002
1276080
1276089
1278562
1281443
1281576
1281581
1285002
1286525
1287162
1290552
1291139
1294095
1294138
1294225
1296244
1298088
1300441
1302129
1302235
1302281
1304871
1305103
1305312
1305791
1307995
1308323
1308375
1308904
1309326
1310922
1311512
1313585
1315866
1317294
1317504
1319572
1320790
1321508
1321550
1322372
1322961
1323852
1324441
1327579
1328672
1331110
1333234
1340924
1342998
1343502
1343964
1346400
1350554
1351018
1355501
1355705
1356767
1359836
1363143
1365895
1369677
1370507
1371614
1372282
1372691
1373507
1374307
1375778
1379459
1383228
1385186
1385489
1385571
1391634
1392137
1394718
1397914
1399702
1401865
1404172
1407093
1407397
1411998
1413754
1416735
1417679
1418559
1418706
1418883
1420559
1420707
1420809
1421595
1422813
1423697
1423935
1423951
1425177
1426816
1427286
1429999
1432538
1433262
1435389
1435530
1437689
1440683
1441334
1442657
1443514
1444902
1445027
1445454
1445895
1445996
1446395
1446427
1446855
1446952
1449520
1452288
1453516
1454205
1454280
1456592
1457048
1457115
1457873
1459052
1461565
1462548
1466635
1469299
1469884
1470140
1471943
1473395
1473866
1474656
1480593
1480834
1481111
1481132
1481156
1485319
1488078
1493504
1493980
1493980
1543992
1519011
1581551
1544050
1544066
1506582
1544155
